1442957796 1000 0
1442957797 9456 1
1442957798 1000 2
1442957799 1000 3
1442957800 1000 4
1442957801 1000 5
1442957802 1000 6
1442957803 1000 7
1442957804 0 8
1442957805 1000 9
1442957806 1000 10
1442957807 1009 11
1442957808 1427 12
1442957809 1838 13
1442957810 2250 14
1442957811 2658 15
1442957812 3068 16
1442957813 3475 17
1442957814 3886 18
1442957815 3921 19
1442957816 3921 20
1442957817 3921 21
1442957818 3918 22
1442957819 3918 23
1442957820 3918 24
1442957821 3918 25
1442957822 3920 26
1442957823 3920 27
1442957824 3920 28
1442957825 3920 29
1442957826 3920 30
1442957827 3916 31
1442957828 3916 32
1442957829 3918 33
1442957830 3920 34
1442957831 3920 35
1442957832 3920 36
1442957833 3920 37
1442957834 3920 38
1442957835 3920 39
1442957836 3917 40
1442957837 3919 41
1442957838 3919 42
1442957839 3919 43
1442957840 3919 44
1442957841 3919 45
1442957842 3919 46
1442957843 3919 47
1442957844 3919 48
1442957845 3919 49
1442957846 3919 50
1442957847 3919 51
1442957848 3919 52
1442957849 3919 53
1442957850 3919 54
1442957851 3919 55
1442957852 3919 56
1442957853 3919 57
1442957854 3919 58
1442957855 3919 59
1442957856 3919 60
1442957857 3919 61
1442957858 3919 62
1442957859 3919 63
1442957860 3919 64
1442957861 3919 65
1442957862 3919 66
1442957863 3919 67
1442957864 3919 68
1442957865 3919 69
1442957866 3919 70
1442957867 3919 71
1442957868 3919 72
1442957869 0 73
1442957870 3919 74
1442957871 3919 75
1442957872 3919 76
1442957873 3919 77
1442957874 3919 78
1442957875 3919 79
1442957876 3919 80
1442957877 3919 81
1442957878 3919 82
1442957879 3919 83
1442957880 3919 84
1442957881 3817 85
1442957882 3407 86
1442957883 3000 87
1442957884 2589 88
1442957885 2178 89
1442957886 1768 90
1442957887 1358 91
1442957888 1000 92
1442957889 1000 93
1442957890 1000 94
1442957891 1000 95
1442957892 1000 96
1442957893 1000 97
1442957894 1000 98
1442957895 1000 99
1442957896 1000 100
1442957897 1000 101
1442957898 1000 102
1442957899 1000 103
1442957900 1000 104
1442957901 1000 105
1442957902 1000 106
1442957903 1000 107
1442957904 1000 108
1442957905 1000 109
1442957906 1112 110
1442957907 1540 111
1442957908 1953 112
1442957909 2363 113
1442957910 2774 114
1442957911 3182 115
1442957912 3590 116
1442957913 3796 117
1442957914 3921 118
1442957915 3921 119
1442957916 3921 120
1442957917 3918 121
1442957918 3918 122
1442957919 3918 123
1442957920 3918 124
1442957921 3920 125
1442957922 3920 126
1442957923 3920 127
1442957924 3920 128
1442957925 3920 129
1442957926 3915 130
1442957927 3917 131
1442957928 3919 132
1442957929 3919 133
1442957930 3919 134
1442957931 3919 135
1442957932 3919 136
1442957933 3919 137
1442957934 0 138
1442957935 3919 139
1442957936 3919 140
1442957937 3919 141
1442957938 3896 142
1442957939 3483 143
1442957940 3077 144
1442957941 2666 145
1442957942 2254 146
1442957943 1845 147
1442957944 1436 148
1442957945 1025 149
1442957946 999 150
1442957947 999 151
1442957948 999 152
1442957949 999 153
1442957950 998 154
1442957951 998 155
1442957952 998 156
1442957953 1000 157
1442957954 1000 158
1442957955 1000 159
1442957956 0 160
1442957957 1000 161
1442957958 1000 162
1442957959 1000 163
1442957960 1000 164
1442957961 1000 165
1442957962 1000 166
1442957963 1000 167
1442957964 1000 168
1442957965 1000 169
1442957966 1000 170
1442957967 1000 171
1442957968 1000 172
1442957969 1000 173
1442957970 1000 174
1442957971 1000 175
1442957972 1000 176
1442957973 1153 177
1442957974 1565 178
1442957975 1972 179
1442957976 2381 180
1442957977 2790 181
1442957978 2996 182
1442957979 3403 183
1442957980 3812 184
1442957981 3919 185
1442957982 3919 186
1442957983 3919 187
1442957984 3915 188
1442957985 3917 189
1442957986 3917 190
1442957987 3917 191
1442957988 3917 192
1442957989 3917 193
1442957990 3917 194
1442957991 3917 195
1442957992 3917 196
1442957993 3917 197
1442957994 3917 198
1442957995 3917 199
1442957996 3917 200
1442957997 3917 201
1442957998 3917 202
1442957999 3917 203
1442958000 3917 204
1442958001 3917 205
1442958002 3902 206
1442958003 3489 207
1442958004 3085 208
1442958005 2674 209
1442958006 2263 210
1442958007 1853 211
1442958008 1444 212
1442958009 1034 213
1442958010 999 214
1442958011 999 215
1442958012 999 216
1442958013 999 217
1442958014 998 218
1442958015 998 219
1442958016 998 220
1442958017 1000 221
1442958018 1000 222
1442958019 1000 223
1442958020 1000 224
1442958021 456 225
1442958022 1000 226
1442958023 1000 227
1442958024 1000 228
1442958025 1000 229
1442958026 1000 230
1442958027 1000 231
1442958028 1000 232
1442958029 1000 233
1442958030 1000 234
1442958031 1000 235
1442958032 1000 236
1442958033 1000 237
1442958034 1000 238
1442958035 1000 239
1442958036 1000 240
1442958037 1000 241
1442958038 1150 242
1442958039 1561 243
1442958040 1971 244
1442958041 2381 245
1442958042 2788 246
1442958043 2995 247
1442958044 3402 248
1442958045 3811 249
1442958046 3920 250
1442958047 3920 251
1442958048 3920 252
1442958049 3917 253
1442958050 3917 254
1442958051 3917 255
1442958052 3917 256
1442958053 3919 257
1442958054 3919 258
1442958055 3919 259
1442958056 3919 260
1442958057 3919 261
1442958058 3914 262
1442958059 3916 263
1442958060 3918 264
1442958061 3918 265
1442958062 3918 266
1442958063 3918 267
1442958064 3918 268
1442958065 3918 269
1442958066 3918 270
1442958067 3918 271
1442958068 3918 272
1442958069 3885 273
1442958070 3478 274
1442958071 3067 275
1442958072 2657 276
1442958073 2246 277
1442958074 1837 278
1442958075 1427 279
1442958076 1017 280
1442958077 999 281
1442958078 999 282
1442958079 999 283
1442958080 999 284
1442958081 998 285
1442958082 998 286
1442958083 998 287
1442958084 1000 288
1442958085 1000 289
1442958086 1 290
1442958087 1000 291
1442958088 1000 292
1442958089 1000 293
1442958090 1000 294
1442958091 1000 295
1442958092 1000 296
1442958093 1000 297
1442958094 1000 298
1442958095 1000 299
1442958096 1000 300
1442958097 1000 301
1442958098 1000 302
1442958099 1000 303
1442958100 1000 304
1442958101 1000 305
1442958102 1000 306
1442958103 1000 307
1442958104 1161 308
1442958105 1570 309
1442958106 1980 310
1442958107 2390 311
1442958108 2593 312
1442958109 3001 313
1442958110 3411 314
1442958111 3821 315
1442958112 3919 316
1442958113 3919 317
1442958114 3919 318
1442958115 3916 319
1442958116 3916 320
1442958117 3916 321
1442958118 3916 322
1442958119 3918 323
1442958120 3918 324
1442958121 3918 325
1442958122 3918 326
1442958123 3918 327
1442958124 3913 328
1442958125 3915 329
1442958126 3917 330
1442958127 3917 331
1442958128 3917 332
1442958129 3917 333
1442958130 3917 334
1442958131 3917 335
1442958132 3917 336
1442958133 3917 337
1442958134 3917 338
1442958135 3917 339
1442958136 3917 340
1442958137 3917 341
1442958138 3917 342
1442958139 3917 343
1442958140 3917 344
1442958141 3917 345
1442958142 3917 346
1442958143 3917 347
1442958144 3792 348
1442958145 3379 349
1442958146 2973 350
1442958147 2562 351
1442958148 2152 352
1442958149 1742 353
1442958150 1332 354
1442958151 999 355
1442958152 999 356
1442958153 999 357
1442958154 999 358
1442958155 999 359
1442958156 999 360
1442958157 999 361
1442958158 999 362
1442958159 999 363
1442958160 999 364
1442958161 999 365
1442958162 999 366
1442958163 1001 367
1442958164 1001 368
1442958165 1001 369
1442958166 1001 370
1442958167 1001 371
1442958168 1001 372
1442958169 1001 373
1442958170 1001 374
1442958171 1001 375
1442958172 1001 376
1442958173 0 377
1442958174 1000 378
1442958175 1000 379
1442958176 1000 380
1442958177 1000 381
1442958178 1000 382
1442958179 1000 383
1442958180 1000 384
1442958181 1000 385
1442958182 1000 386
1442958183 1000 387
1442958184 1000 388
1442958185 1000 389
1442958186 1000 390
1442958187 1096 391
1442958188 1530 392
1442958189 1941 393
1442958190 2352 394
1442958191 2761 395
1442958192 3171 396
1442958193 3580 397
1442958194 3920 398
1442958195 3920 399
1442958196 3920 400
1442958197 3920 401
1442958198 3917 402
1442958199 3917 403
1442958200 3917 404
1442958201 3917 405
1442958202 3919 406
1442958203 3919 407
1442958204 3919 408
1442958205 3919 409
1442958206 3919 410
1442958207 3917 411
1442958208 3917 412
1442958209 3917 413
1442958210 3917 414
1442958211 3917 415
1442958212 3919 416
1442958213 3919 417
1442958214 3919 418
1442958215 3919 419
1442958216 3919 420
1442958217 3919 421
1442958218 3914 422
1442958219 3916 423
1442958220 3918 424
1442958221 3918 425
1442958222 3918 426
1442958223 3918 427
1442958224 3918 428
1442958225 3918 429
1442958226 3840 430
1442958227 3425 431
1442958228 3022 432
1442958229 2609 433
1442958230 2199 434
1442958231 1788 435
1442958232 1379 436
1442958233 999 437
1442958234 999 438
1442958235 999 439
1442958236 999 440
1442958237 999 441
1442958238 0 442
1442958239 998 443
1442958240 998 444
1442958241 998 445
1442958242 1000 446
1442958243 1000 447
1442958244 1000 448
1442958245 1000 449
1442958246 1000 450
1442958247 1000 451
1442958248 1000 452
1442958249 1000 453
1442958250 1000 454
1442958251 1000 455
1442958252 1000 456
1442958253 1000 457
1442958254 1000 458
1442958255 1000 459
1442958256 1000 460
1442958257 1000 461
1442958258 1000 462
1442958259 1192 463
1442958260 1395 464
1442958261 1804 465
1442958262 2212 466
1442958263 2622 467
1442958264 3031 468
1442958265 3440 469
1442958266 3851 470
1442958267 3920 471
1442958268 3920 472
1442958269 3918 473
1442958270 3918 474
1442958271 3915 475
1442958272 3915 476
1442958273 3917 477
1442958274 3917 478
1442958275 3917 479
1442958276 3917 480
1442958277 3917 481
1442958278 3917 482
1442958279 3917 483
1442958280 3917 484
1442958281 3917 485
1442958282 3917 486
1442958283 3917 487
1442958284 3917 488
1442958285 3917 489
1442958286 3917 490
1442958287 3917 491
1442958288 3917 492
1442958289 3917 493
1442958290 3917 494
1442958291 3838 495
1442958292 3429 496
1442958293 3022 497
1442958294 2609 498
1442958295 2199 499
1442958296 1788 500
1442958297 1380 501
1442958298 1000 502
1442958299 1000 503
1442958300 1000 504
1442958301 1000 505
1442958302 1000 506
1442958303 0 507
1442958304 1000 508
