1442957680 3918 0
1442957681 3918 1
1442957682 3918 2
1442957683 3918 3
1442957684 3918 4
1442957685 3918 5
1442957686 3918 6
1442957687 3918 7
1442957688 3918 8
1442957689 3918 9
1442957690 3918 10
1442957691 3918 11
1442957692 3918 12
1442957693 3918 13
1442957694 3918 14
1442957695 3918 15
1442957696 3918 16
1442957697 3918 17
1442957698 3918 18
1442957699 3918 19
1442957700 3795 20
1442957701 3386 21
1442957702 2978 22
1442957703 2567 23
1442957704 2156 24
1442957705 1747 25
1442957706 1338 26
1442957707 1000 27
1442957708 1000 28
1442957709 1000 29
1442957710 1000 30
1442957711 1000 31
1442957712 1000 32
1442957713 1000 33
1442957714 1000 34
1442957715 1000 35
1442957716 1000 36
1442957717 1000 37
1442957718 1000 38
1442957719 1000 39
1442957720 1000 40
1442957721 1000 41
1442957722 1000 42
1442957723 1000 43
1442957724 1000 44
1442957725 1000 45
1442957726 1000 46
1442957727 1000 47
1442957728 1000 48
1442957729 1000 49
1442957730 1000 50
1442957731 1000 51
1442957732 1000 52
1442957733 1000 53
1442957734 1000 54
1442957735 1000 55
1442957736 1000 56
1442957737 1000 57
1442957738 1000 58
1442957739 1000 59
1442957740 1000 60
1442957741 1000 61
1442957742 1000 62
1442957743 1000 63
1442957744 1000 64
1442957745 1000 65
1442957746 1000 66
1442957747 1000 67
1442957748 1000 68
1442957749 1000 69
