1442956157 2000 0
1442956158 2000 1
1442956159 2000 2
1442956160 2000 3
1442956161 2000 4
1442956162 2000 5
1442956163 2000 6
1442956164 2000 7
1442956165 2000 8
1442956166 2000 9
1442956167 0 10
1442956168 2000 11
1442956169 2000 12
1442956170 2008 13
1442956171 2427 14
1442956172 2839 15
1442956173 3247 16
1442956174 3502 17
1442956175 3502 18
1442956176 3502 19
1442956177 3498 20
1442956178 3498 21
1442956179 3500 22
1442956180 3500 23
1442956181 3500 24
1442956182 3500 25
1442956183 3500 26
1442956184 3500 27
1442956185 3500 28
1442956186 3500 29
1442956187 3500 30
1442956188 3500 31
1442956189 3500 32
1442956190 3500 33
1442956191 3915 34
1442956192 3919 35
1442956193 3916 36
1442956194 3916 37
1442956195 3916 38
1442956196 3913 39
1442956197 3913 40
1442956198 3915 41
1442956199 3915 42
1442956200 3915 43
1442956201 3915 44
1442956202 3915 45
1442956203 3915 46
1442956204 3915 47
1442956205 3915 48
1442956206 3915 49
1442956207 3915 50
1442956208 3915 51
1442956209 3915 52
1442956210 3915 53
1442956211 3915 54
1442956212 3915 55
1442956213 3915 56
1442956214 3915 57
1442956215 3915 58
1442956216 3915 59
1442956217 3915 60
1442956218 3915 61
1442956219 3915 62
1442956220 3915 63
1442956221 3915 64
1442956222 3915 65
1442956223 3915 66
1442956224 3799 67
1442956225 3388 68
1442956226 2981 69
1442956227 2570 70
1442956228 2159 71
1442956229 1749 72
1442956230 1338 73
1442956231 929 74
1442956232 0.4436 75
1442956233 314 76
1442956234 -1 77
1442956235 -1 78
1442956236 -1 79
1442956237 -1 80
1442956238 -1 81
1442956239 -2 82
1442956240 -2 83
1442956241 0 84
1442956242 0 85
1442956243 0 86
1442956244 0 87
1442956245 0 88
1442956246 0 89
1442956247 0 90
1442956248 0 91
1442956249 0 92
1442956250 0 93
1442956251 0 94
1442956252 0 95
1442956253 0 96
1442956254 0 97
1442956255 0 98
1442956256 0 99
1442956257 0 100
1442956258 0 101
1442956259 0 102
1442956260 0 103
1442956261 0 104
1442956262 0 105
1442956263 0 106
1442956264 0 107
1442956265 0 108
1442956266 0 109
1442956267 0 110
1442956268 0 111
1442956269 0 112
1442956270 0 113
1442956271 0 114
1442956272 0 115
1442956273 0 116
1442956274 0 117
1442956275 0 118
1442956276 0 119
1442956277 0 120
1442956278 0 121
1442956279 0 122
1442956280 0 123
1442956281 0 124
1442956282 0 125
1442956283 0 126
1442956284 0 127
1442956285 0 128
1442956286 0 129
1442956287 0 130
1442956288 0 131
1442956289 0 132
1442956290 0 133
1442956291 0 134
1442956292 0 135
1442956293 0 136
1442956294 0 137
1442956295 0 138
1442956296 0 139
1442956297 0 140
1442956298 0 141
1442956299 0 142
1442956300 0 143
1442956301 0 144
1442956302 0 145
1442956303 0 146
1442956304 0 147
1442956305 0 148
1442956306 0 149
1442956307 0 150
1442956308 0 151
1442956309 0 152
1442956310 0 153
1442956311 0 154
1442956312 0 155
1442956313 0 156
1442956314 0 157
1442956315 0 158
1442956316 0 159
1442956317 0 160
1442956318 0 161
1442956319 0 162
1442956320 0 163
1442956321 0 164
1442956322 0 165
1442956323 0 166
1442956324 0 167
1442956325 0 168
1442956326 0 169
1442956327 0 170
1442956328 0 171
1442956329 0 172
1442956330 0 173
1442956331 0 174
1442956332 0 175
1442956333 0 176
1442956334 0 177
1442956335 0 178
1442956336 0 179
1442956337 0 180
1442956338 0 181
1442956339 0 182
1442956340 0 183
1442956341 0 184
1442956342 0 185
1442956343 0 186
1442956344 0 187
1442956345 0 188
1442956346 0 189
1442956347 0 190
1442956348 0 191
1442956349 0 192
1442956350 0 193
1442956351 0 194
1442956352 0 195
1442956353 0 196
1442956354 0 197
1442956355 0 198
1442956356 0 199
1442956357 0 200
1442956358 0 201
1442956359 0 202
1442956360 0 203
1442956361 0 204
1442956362 0 205
1442956363 0 206
1442956364 0 207
1442956365 0 208
1442956366 0 209
1442956367 0 210
1442956368 0 211
1442956369 0 212
1442956370 0 213
1442956371 0 214
1442956372 0 215
1442956373 0 216
1442956374 0 217
1442956375 0 218
1442956376 0 219
1442956377 0 220
1442956378 0 221
1442956379 0 222
1442956380 0 223
1442956381 0 224
1442956382 0 225
1442956383 0 226
1442956384 0 227
1442956385 0 228
1442956386 0 229
1442956387 0 230
1442956387 0 231
