1442956431 0 0
1442956432 0 1
1442956433 0 2
1442956434 0 3
1442956435 0 4
1442956436 0 5
1442956437 0 6
1442956438 0 7
1442956439 0 8
1442956440 0 9
1442956441 17 10
1442956442 431 11
1442956443 836 12
1442956444 1249 13
1442956445 1658 14
1442956446 2067 15
1442956447 2474 16
1442956448 2884 17
1442956449 3293 18
1442956450 3702 19
1442956451 3920 20
1442956452 3920 21
1442956453 3920 22
1442956454 3917 23
1442956455 3917 24
1442956456 3917 25
1442956457 3917 26
1442956458 3919 27
1442956459 3919 28
1442956460 19 29
1442956461 3919 30
1442956462 3919 31
1442956463 3919 32
1442956464 3915 33
1442956465 3917 34
1442956466 3917 35
1442956467 3919 36
1442956468 3919 37
1442956469 3919 38
1442956470 3919 39
1442956471 3919 40
1442956472 3914 41
1442956473 3916 42
1442956474 3918 43
1442956475 3918 44
1442956476 3918 45
1442956477 3918 46
1442956478 3918 47
1442956479 3918 48
1442956480 3918 49
1442956481 3918 50
1442956482 3918 51
1442956483 3918 52
1442956484 3918 53
1442956485 3918 54
1442956486 3918 55
1442956487 3918 56
1442956488 3918 57
1442956489 3918 58
1442956490 3918 59
1442956491 3918 60
1442956492 3918 61
1442956493 3918 62
1442956494 3918 63
1442956495 3918 64
1442956496 3918 65
1442956497 3918 66
1442956498 3918 67
1442956499 3918 68
1442956500 3918 69
1442956501 3918 70
1442956502 3918 71
1442956503 3918 72
1442956504 3918 73
1442956505 3511 74
1442956506 3101 75
1442956507 2695 76
1442956508 2283 77
1442956509 1873 78
1442956510 1463 79
1442956511 1053 80
1442956512 644 81
1442956513 235 82
1442956514 -175 83
1442956515 -501 84
1442956516 -501 85
1442956517 -501 86
1442956518 -501 87
1442956519 -502 88
1442956520 -502 89
1442956521 -502 90
1442956522 -499 91
1442956523 -499 92
1442956524 -499 93
1442956525 0 94
1442956526 -499 95
1442956527 -499 96
1442956528 -499 97
1442956529 -499 98
1442956530 -500 99
1442956531 -500 100
1442956532 -500 101
1442956533 -500 102
1442956534 -500 103
1442956535 -500 104
1442956536 -500 105
1442956537 -500 106
1442956538 -500 107
1442956539 -500 108
1442956540 -500 109
1442956541 -500 110
1442956542 -500 111
1442956543 -500 112
1442956544 -500 113
1442956545 -500 114
1442956546 -500 115
1442956547 -500 116
1442956548 -500 117
1442956549 -500 118
1442956550 -500 119
1442956551 -500 120
1442956552 -500 121
1442956553 -500 122
1442956554 -500 123
1442956555 -445 124
1442956556 -21 125
1442956557 387 126
1442956558 799 127
1442956559 1208 128
1442956560 1618 129
1442956561 2024 130
1442956562 2436 131
1442956563 2845 132
1442956564 3254 133
1442956565 3664 134
1442956566 3919 135
1442956567 3919 136
1442956568 3919 137
1442956569 3919 138
1442956570 3916 139
1442956571 3916 140
1442956572 3916 141
1442956573 3916 142
1442956574 3918 143
1442956575 3918 144
1442956576 3918 145
1442956577 3918 146
1442956578 3918 147
1442956579 3916 148
1442956580 3916 149
1442956581 3916 150
1442956582 3916 151
1442956583 3916 152
1442956584 3918 153
1442956585 3918 154
1442956586 3918 155
1442956587 3918 156
1442956588 3918 157
1442956589 3918 158
1442956590 456 159
1442956591 3916 160
1442956592 3916 161
1442956593 3918 162
1442956594 3918 163
1442956595 3918 164
1442956596 3918 165
1442956597 3918 166
1442956598 3914 167
1442956599 3916 168
1442956600 3916 169
1442956601 3918 170
1442956602 3918 171
1442956603 3918 172
1442956604 3918 173
1442956605 3918 174
1442956606 3918 175
1442956607 3914 176
1442956608 3916 177
1442956609 3916 178
1442956610 3918 179
1442956611 3918 180
1442956612 3724 181
1442956613 3516 182
1442956614 3112 183
1442956615 2701 184
1442956616 2291 185
1442956617 1881 186
1442956618 1471 187
1442956619 1061 188
1442956620 651 189
1442956621 243 190
1442956622 -166 191
1442956623 -501 192
1442956624 -501 193
1442956625 -501 194
1442956626 -501 195
1442956627 -501 196
1442956628 -502 197
1442956629 -502 198
1442956630 -500 199
1442956631 -500 200
1442956632 -500 201
1442956633 -500 202
1442956634 -500 203
1442956635 -500 204
1442956636 -500 205
1442956637 -500 206
1442956638 -500 207
1442956639 -500 208
1442956640 -500 209
1442956641 -500 210
1442956642 -500 211
1442956643 -500 212
1442956644 -500 213
1442956645 -500 214
1442956646 -500 215
1442956647 -500 216
1442956648 -500 217
1442956649 -500 218
1442956650 -500 219
1442956651 -500 220
1442956652 -500 221
1442956653 -500 222
1442956654 -500 223
1442956655 -500 224
1442956656 -500 225
1442956657 -500 226
1442956658 -500 227
1442956659 -500 228
1442956660 -500 229
1442956661 -500 230
1442956662 -500 231
1442956663 -444 232
1442956664 -25 233
1442956665 385 234
1442956666 794 235
1442956667 1203 236
1442956668 1613 237
1442956669 2018 238
1442956670 2432 239
1442956671 2841 240
1442956672 3249 241
1442956673 3659 242
1442956674 3919 243
1442956675 3919 244
1442956676 3919 245
1442956677 0 246
1442956678 3916 247
1442956679 3916 248
1442956680 3916 249
1442956681 3916 250
1442956682 3918 251
1442956683 3918 252
1442956684 3918 253
1442956685 3918 254
1442956686 3918 255
1442956687 3915 256
1442956688 3916 257
1442956689 3918 258
1442956690 3918 259
1442956691 3918 260
1442956692 3918 261
1442956693 3918 262
1442956694 3915 263
1442956695 3917 264
1442956696 3917 265
1442956697 3917 266
1442956698 3917 267
1442956699 3917 268
1442956700 3917 269
1442956701 3917 270
1442956702 3917 271
1442956703 3917 272
1442956704 3917 273
1442956705 3917 274
1442956706 3917 275
1442956707 3917 276
1442956708 3917 277
1442956709 3917 278
1442956710 3917 279
1442956711 3917 280
1442956712 3917 281
1442956713 3917 282
1442956714 3917 283
1442956715 3917 284
1442956716 3917 285
1442956717 3917 286
1442956718 3917 287
1442956719 3917 288
1442956720 3917 289
1442956721 3917 290
1442956722 3917 291
1442956723 3917 292
1442956724 3917 293
1442956725 3917 294
1442956726 3917 295
1442956727 3917 296
1442956728 3917 297
1442956729 3845 298
1442956730 3436 299
1442956731 3029 300
1442956732 2618 301
1442956733 2207 302
1442956734 1797 303
1442956735 1387 304
1442956736 977 305
1442956737 568 306
1442956738 158 307
1442956739 -251 308
1442956740 -501 309
1442956741 -501 310
1442956742 19456 311
1442956743 -501 312
1442956744 -501 313
1442956745 -501 314
1442956746 -501 315
1442956747 -501 316
1442956748 -501 317
1442956749 -501 318
1442956750 -501 319
1442956751 -499 320
1442956752 -499 321
1442956753 -499 322
1442956754 -499 323
1442956755 -499 324
1442956756 -410 325
1442956757 34 326
1442956758 441 327
1442956759 850 328
1442956760 1259 329
1442956761 1669 330
1442956762 2079 331
1442956763 2486 332
1442956764 2694 333
1442956765 3101 334
1442956766 3511 335
1442956767 3920 336
1442956768 3920 337
1442956769 3920 338
1442956770 3916 339
1442956771 3916 340
1442956772 3918 341
1442956773 3918 342
1442956774 3918 343
1442956775 3918 344
1442956776 3918 345
1442956777 3918 346
1442956778 3918 347
1442956779 3918 348
1442956780 3918 349
1442956781 3918 350
1442956782 3918 351
1442956783 3918 352
1442956784 3918 353
1442956785 3918 354
1442956786 3918 355
1442956787 3918 356
1442956788 3918 357
1442956789 3918 358
1442956790 3918 359
1442956791 3918 360
1442956792 3918 361
1442956793 3918 362
1442956794 3918 363
1442956795 3918 364
1442956796 3918 365
1442956797 3918 366
1442956798 3811 367
1442956799 3399 368
1442956800 2994 369
1442956801 2583 370
1442956802 2172 371
1442956803 1762 372
1442956804 1352 373
1442956805 942 374
1442956806 533 375
1442956807 0 376
1442956808 -81 377
1442956809 -490 378
1442956810 -501 379
1442956811 -501 380
1442956812 -501 381
1442956813 -501 382
1442956814 -502 383
1442956815 -502 384
1442956816 -502 385
1442956817 -500 386
1442956818 -500 387
1442956819 -500 388
1442956820 -500 389
1442956821 -500 390
1442956822 -500 391
1442956823 -500 392
1442956824 -500 393
1442956825 -500 394
1442956826 -500 395
1442956827 -500 396
1442956828 -500 397
1442956829 0 398
1442956830 -500 399
1442956831 -500 400
1442956832 -500 401
1442956833 -500 402
1442956834 -500 403
1442956835 -500 404
1442956836 -448 405
1442956837 -31 406
1442956838 379 407
1442956839 788 408
1442956840 1195 409
1442956841 1606 410
1442956842 2013 411
1442956843 2425 412
1442956844 2835 413
1442956845 3242 414
1442956846 3652 415
1442956847 3920 416
1442956848 3920 417
1442956849 3920 418
1442956850 3917 419
1442956851 3917 420
1442956852 3917 421
1442956853 3917 422
1442956854 3917 423
1442956855 3919 424
1442956856 3919 425
1442956857 3919 426
1442956858 3919 427
1442956859 3919 428
1442956860 3916 429
1442956861 3918 430
1442956862 3918 431
1442956863 3918 432
1442956864 3918 433
1442956865 3918 434
1442956866 3918 435
1442956867 3918 436
1442956868 3918 437
1442956869 3918 438
1442956870 3918 439
1442956871 3918 440
1442956872 3728 441
1442956873 3526 442
1442956874 3113 443
1442956875 2703 444
1442956876 2293 445
1442956877 1883 446
1442956878 1473 447
1442956879 1063 448
1442956880 654 449
1442956881 245 450
1442956882 -164 451
1442956883 -501 452
1442956884 -501 453
1442956885 -501 454
1442956886 -501 455
1442956887 -501 456
1442956888 -501 457
1442956889 -501 458
1442956890 -501 459
1442956891 -501 460
1442956892 -501 461
1442956893 -501 462
1442956894 19456 463
1442956895 -499 464
1442956896 -499 465
1442956897 -499 466
1442956898 -476 467
1442956899 -61 468
1442956900 348 469
1442956901 759 470
1442956902 1165 471
1442956903 1577 472
1442956904 1986 473
1442956905 2394 474
1442956906 2803 475
1442956907 3215 476
1442956908 3622 477
1442956909 3918 478
1442956910 3919 479
1442956911 3919 480
1442956912 3915 481
1442956913 3915 482
1442956914 3917 483
1442956915 3917 484
1442956916 3917 485
1442956917 3917 486
1442956918 3917 487
1442956919 3917 488
1442956920 3917 489
1442956920 3 490
