1442956006 3500 0
1442956007 3500 1
1442956008 3500 2
1442956009 3500 3
1442956010 3500 4
1442956011 3500 5
1442956012 3500 6
1442956013 56 7
1442956014 3500 8
1442956015 3500 9
1442956016 3500 10
1442956017 3500 11
1442956018 3500 12
1442956019 3500 13
1442956020 3500 14
1442956021 3500 15
1442956022 3500 16
1442956023 3500 17
1442956024 3500 18
1442956025 3500 19
1442956026 3500 20
1442956027 3500 21
1442956028 3500 22
1442956029 3500 23
1442956030 3500 24
1442956031 3500 25
1442956032 3500 26
1442956033 3500 27
1442956034 3500 28
1442956035 3500 29
1442956036 3500 30
1442956037 3500 31
1442956038 3500 32
1442956039 3500 33
1442956040 3500 34
1442956041 3500 35
1442956042 3500 36
1442956043 3500 37
1442956044 3424 38
1442956045 3012 39
1442956046 2606 40
1442956047 2196 41
1442956048 2001 42
1442956049 2000 43
1442956050 2000 44
1442956051 2000 45
1442956052 2000 46
1442956053 2000 47
1442956054 2000 48
1442956055 2000 49
1442956056 2000 50
1442956057 2000 51
1442956058 2000 52
1442956059 2000 53
