144286580170690144286580213882114428658032069521442865804275083144286580534323414428658064113751442865807479516144286580854766714428658096158181442865810683989144286581175212101442865812611144286581385436121442865814922531314428658159906814144286581610588515144286581711270116144286581811951717144286581912633518144286582013315119144286582113996920144286582214678621144286582315360322144286582416042123144286582516723724144286582617405525144286582718087326144286582818769027144286582919450828144286583020132529144286583120814430144286583221496131144286583322177932144286583403314428658352320073414428658362388253514428658372456433614428658382524623714428660844560
14428660853984221
144286608602
144286608763
1442866088724
14428660893472045
14428660903403736
14428660913335437
14428660923267148
14428660933198839
144286609431305310
144286609530622211
1442866315 27054 0
1442866316 33870 1
1442866317 40685 2
1442866318 47499 3
1442866319 54316 4
1442866320 61131 5
1442866321 67947 6
1442866322 74764 7
1442866323 81580 8
1442866324 88397 9
1442866325 95213 10
1442866326 0 11
1442866327 105439 12
1442866328 112257 13
1442866329 119074 14
1442866330 125892 15
1442866331 132710 16
1442866332 139527 17
1442866333 146346 18
1442866334 153163 19
1442866335 159982 20
1442866336 166800 21
