1442866776 278720 0
1442866777 271893 1
1442866778 265066 2
1442866779 258237 3
1442866780 251410 4
1442866781 244581 5
1442866782 241167 6
1442866783 234338 7
1442866784 227510 8
1442866785 220681 9
1442866786 213851 10
1442866787 207023 11
1442866788 200192 12
1442866789 193363 13
1442866790 186533 14
1442866791 179703 15
1442866792 172873 16
1442866793 166043 17
1442866794 159213 18
1442866795 152382 19
1442866796 145552 20
1442866797 138721 21
1442866798 131890 22
1442866799 125059 23
1442866800 118228 24
1442866801 111398 25
1442866802 104566 26
1442866803 97735 27
1442866804 94319 28
1442866805 87488 29
1442866806 80656 30
1442866807 73825 31
1442866808 66994 32
1442866809 60162 33
1442866810 53331 34
1442866811 46498 35
1442866812 39667 36
1442866813 32835 37
1442866814 26003 38
1442866815 19172 39
1442866816 12339 40
1442866817 5507 41
1442866818 -70 42
1442866819 0 43
1442866820 0 44
1442866821 0 45
1442866822 0 46
1442866823 0 47
1442866824 0 48
1442866825 0.0565 49
1442866826 0 50
1442866827 0 51
1442866828 0 52
1442866829 0 53
1442866830 0 54
1442866831 0 55
1442866832 0 56
1442866833 0 57
1442866834 0 58
1442866835 0 59
1442866836 0 60
1442866837 0 61
1442866838 0 62
1442866839 0 63
1442866840 0 64
1442866841 0 65
1442866842 1397 66
1442866843 8228 67
1442866844 15042 68
1442866845 21858 69
1442866846 28674 70
1442866847 32082 71
1442866848 38897 72
1442866849 45714 73
1442866850 52531 74
1442866851 59347 75
1442866852 66164 76
1442866853 72981 77
1442866854 79798 78
1442866855 86616 79
1442866856 93433 80
1442866857 100251 81
1442866858 107067 82
1442866859 113885 83
1442866860 120703 84
1442866861 127520 85
1442866862 134339 86
1442866863 141157 87
1442866864 147974 88
1442866865 154792 89
1442866866 161610 90
1442866867 168429 91
1442866868 175246 92
1442866869 178656 93
1442866870 185474 94
1442866871 192293 95
1442866872 199110 96
1442866873 205929 97
1442866874 212747 98
1442866875 219565 99
1442866876 226384 100
1442866877 233203 101
1442866878 240021 102
1442866879 246840 103
1442866880 253659 104
1442866881 260478 105
1442866882 267295 106
1442866883 274115 107
1442866884 280934 108
1442866885 287752 109
1442866886 294571 110
1442866887 300059 111
1442866888 300001 112
1442866889 299998 113
1442866890 300000 114
1442866891 300000 115
1442866892 300000 116
1442866893 300000 117
1442866894 300000 118
1442866895 300000 119
1442866896 300000 120
1442866897 300000 121
1442866898 300000 122
1442866899 300000 123
1442866900 300000 124
1442866901 300000 125
1442866902 299373 126
1442866903 292566 127
1442866904 285737 128
1442866905 278908 129
1442866906 272078 130
1442866907 265248 131
1442866908 258418 132
1442866909 251588 133
1442866910 244756 134
1442866911 237926 135
1442866912 0 136
1442866913 227679 137
1442866914 220847 138
1442866915 214016 139
1442866916 207185 140
1442866917 200353 141
1442866918 193522 142
1442866919 186690 143
1442866920 179858 144
1442866921 173026 145
1442866922 166194 146
1442866923 159363 147
1442866924 152530 148
1442866925 145698 149
1442866926 138866 150
1442866927 132034 151
1442866928 125202 152
1442866929 118369 153
1442866930 111537 154
1442866931 104704 155
1442866932 97873 156
1442866933 91040 157
1442866934 87624 158
1442866935 80791 159
1442866936 73959 160
1442866937 67127 161
1442866938 60294 162
1442866939 53462 163
1442866940 46629 164
1442866941 39797 165
1442866942 32964 166
1442866943 26132 167
1442866944 19300 168
1442866945 12467 169
1442866946 5635 170
1442866947 -92 171
1442866948 0 172
1442866949 0 173
1442866950 0 174
1442866951 0 175
1442866952 0 176
1442866953 0 177
1442866954 0 178
1442866955 0 179
1442866956 0 180
1442866957 0 181
1442866958 0 182
1442866959 0 183
1442866960 0 184
1442866961 0 185
1442866962 0 186
1442866963 211 187
1442866964 6781 188
1442866965 13595 189
1442866966 20410 190
1442866967 27225 191
1442866968 34041 192
1442866969 40857 193
1442866970 47672 194
1442866971 54489 195
1442866972 61305 196
1442866973 68121 197
1442866974 74937 198
1442866975 81754 199
1442866976 88571 200
1442866977 19456 201
1442866978 98796 202
1442866979 105613 203
1442866980 112430 204
1442866981 119246 205
1442866982 126063 206
1442866983 132881 207
1442866984 139697 208
1442866985 146514 209
1442866986 153332 210
1442866987 160149 211
1442866988 166966 212
1442866989 173783 213
1442866990 180601 214
1442866991 187417 215
1442866992 194235 216
1442866993 201052 217
1442866994 207869 218
1442866995 214686 219
1442866996 221503 220
1442866997 228321 221
1442866998 235138 222
1442866999 238547 223
1442867000 245364 224
1442867001 252181 225
1442867002 258998 226
1442867003 265816 227
1442867004 272634 228
1442867005 279450 229
1442867006 286268 230
1442867007 293086 231
1442867008 299889 232
1442867009 300001 233
1442867010 300000 234
1442867011 300000 235
1442867012 300000 236
1442867013 300000 237
1442867014 300000 238
1442867015 300000 239
1442867016 300000 240
1442867017 300000 241
1442867018 300000 242
1442867019 300000 243
1442867020 300000 244
1442867021 300000 245
1442867022 299999 246
1442867023 294172 247
1442867024 287348 248
1442867025 280521 249
1442867026 273696 250
1442867027 266869 251
1442867028 260041 252
1442867029 253214 253
1442867030 246386 254
1442867031 239559 255
1442867032 232730 256
1442867033 225903 257
1442867034 219075 258
1442867035 212246 259
1442867036 205418 260
1442867037 198589 261
1442867038 191761 262
1442867039 184931 263
1442867040 178103 264
1442867041 171274 265
1442867042 8 266
1442867043 161031 267
1442867044 154202 268
1442867045 147374 269
1442867046 140544 270
1442867047 133716 271
1442867048 126887 272
1442867049 120057 273
1442867050 113229 274
1442867051 106400 275
1442867052 99571 276
1442867053 92741 277
1442867054 85913 278
1442867055 79084 279
1442867056 72254 280
1442867057 65426 281
1442867058 58596 282
1442867059 51767 283
1442867060 44938 284
1442867061 38109 285
1442867062 31280 286
1442867063 24451 287
1442867064 0 288
1442867065 14207 289
1442867066 7379 290
1442867067 549 291
1442867068 -2 292
1442867069 0 293
1442867070 0 294
1442867071 0 295
1442867072 0 296
1442867073 0 297
1442867074 0 298
1442867075 0 299
1442867076 0 300
1442867077 0 301
1442873451 0 0
1442873452 0 1
1442873453 4714 2
1442873454 4714 3
1442873455 4714 4
1442873456 4714 5
1442873457 4714 6
